AGE00147705	[(1886, 0.0, 154.0),(1887, 145.2, 228.23),(1888, 149.35, 224.32),(1889, 144.27, 220.39)]
AGE00147711	[(1886, 110.67, 227.06),(1887, 93.93, 215.0),(1888, 92.56, 203.81),(1889, 88.81, 197.96)]
ASN00023000	[(1887, 114.35, 208.62),(1888, 121.32, 227.65),(1889, 120.32, 217.02)]
ASN00040214	[(1887, 149.94, 245.01),(1888, 148.59, 256.78),(1889, 160.23, 255.95)]
ASN00066062	[(1880, 133.55, 208.05),(1881, 130.89, 204.22),(1882, 135.81, 211.42),(1883, 129.82, 206.47),(1884, 135.6, 211.74),(1885, 137.93, 215.85),(1886, 136.74, 212.39),(1887, 138.23, 202.79),(1888, 133.75, 209.08),(1889, 143.07, 207.28)]
CA001101530	[(1881, 57.59, 149.34)]
CA004040420	[(1880, -102.41, 62.44),(1881, -102.26, 40.46),(1882, -117.61, 3.33),(1883, -196.55, -58.61),(1884, -107.43, 8.66),(1885, -290.07, -188.71),(1886, -119.78, -0.11)]
CA004056230	[(1884, -163.16, -14.24),(1885, -108.13, 43.57),(1886, -112.33, 63.77),(1887, -88.3, 65.12),(1888, -119.92, 113.53),(1889, -69.85, 86.45)]
CA005030556	[(1889, 37.0, 82.47)]
CA0050520EE	[(1889, -184.56, 0.0)]
CA006059475	[(1888, -199.5, -49.23),(1889, -63.4, 75.52)]
CA006068148	[(1887, -1.79, 137.39),(1888, -287.15, 77.62),(1889, 1.97, 105.83)]
CA006120315	[(1882, 17.72, 113.65),(1883, 7.78, 110.29),(1884, 10.54, 115.3),(1885, -0.13, 105.12),(1886, 14.05, 121.12),(1887, 18.09, 124.91),(1888, 8.27, 112.69),(1889, 25.38, 123.16)]
CA006127887	[(1880, 18.51, 113.57),(1881, 14.79, 114.87),(1882, 16.35, 114.31),(1883, -5.59, 96.05),(1884, 3.38, 106.21),(1885, -10.03, 91.71),(1886, 9.5, 103.09),(1887, 5.07, 105.65),(1888, 0.69, 95.17),(1889, 21.46, 113.59)]
CA006131388	[(1889, 43.74, 166.11)]
CA006136335	[(1889, 33.01, 88.4)]
CA006141843	[(1880, -63.22, 29.12),(1881, 9.62, 126.6),(1882, 7.54, 112.09),(1883, -13.35, 96.57),(1884, -70.69, 31.92),(1885, -17.29, 100.04),(1886, 2.81, 110.68),(1887, 2.85, 112.75),(1888, -3.04, 102.84),(1889, 13.24, 117.88)]
CA006152007	[(1882, 61.33, 169.89),(1883, -1.4, 110.36),(1884, 10.49, 119.44),(1885, -1.41, 105.52),(1886, 8.24, 118.21),(1887, 12.05, 122.31),(1888, 0.16, 115.01),(1889, 20.15, 128.2)]
CA007026465	[(1880, -5.8, 128.25),(1881, 37.53, 151.53),(1882, -16.89, 97.89),(1883, -33.9, 92.37),(1884, -19.5, 100.99),(1885, -36.17, 94.18),(1886, -27.25, 104.52),(1887, -29.98, 99.72),(1888, -30.45, 89.2),(1889, -4.38, 112.57)]
CA008100990	[(1880, -20.52, 101.31),(1881, -11.06, 100.59),(1882, -20.31, 94.05),(1883, -30.75, 91.65),(1884, -22.87, 88.77),(1885, -22.21, 96.62),(1886, -11.63, 99.93),(1887, -22.11, 98.12),(1888, -19.33, 90.19),(1889, 6.93, 115.28)]
CA008101170	[(1880, -11.28, 89.25),(1881, -18.22, 73.91),(1882, -28.77, 75.79),(1883, -43.88, 63.65),(1884, -37.6, 64.73),(1885, -31.23, 54.29),(1886, -24.4, 82.37),(1887, -27.81, 77.06),(1888, -24.87, 72.87),(1889, -12.8, 91.77)]
CA008101230	[(1880, -123.74, -24.35),(1888, -14.83, 85.39),(1889, 9.87, 97.22)]
CA008101920	[(1883, 42.34, 132.7),(1884, 13.78, 99.34),(1885, 9.77, 97.06),(1886, 17.11, 105.36),(1887, 8.65, 102.36),(1888, 4.77, 92.43),(1889, 24.75, 111.55)]
CA008103825	[(1886, 32.09, 151.12),(1887, -11.94, 100.27),(1888, -25.11, 56.1),(1889, -8.59, 101.52)]
CA008206410	[(1880, -37.54, 67.92),(1881, 21.28, 103.45),(1882, 10.14, 101.63),(1883, -135.11, 69.56)]
CA008300298	[(1880, 3.27, 91.65),(1881, 6.15, 89.75),(1882, -1.12, 85.38),(1883, -4.34, 87.37),(1884, -5.61, 84.62),(1885, -0.08, 92.33),(1886, -33.3, 61.92),(1888, 54.54, 125.35),(1889, 30.15, 107.17)]
CA008300430	[(1889, 35.3, 122.69)]
CA008500500	[(1884, -9.97, 34.31),(1885, -23.16, 16.71),(1886, -26.05, 17.59),(1887, -38.31, 5.96),(1888, -37.79, 20.41),(1889, -24.22, 26.44)]
DA000032030	[(1880, 53.34, 102.08),(1881, 41.05, 87.4),(1882, 61.73, 107.42),(1883, 50.78, 96.61),(1884, 57.43, 105.66),(1885, 53.15, 100.08),(1886, 52.54, 104.01),(1887, 51.5, 99.65),(1888, 41.52, 83.62),(1889, 50.06, 96.38)]
EGE00147726	[(1884, 105.76, 247.5),(1885, 129.3, 252.02),(1886, 117.08, 246.6)]
EGE00147732	[(1884, 131.21, 267.07),(1885, 155.82, 272.24),(1886, 155.03, 269.7),(1887, 160.44, 278.44),(1888, 159.1, 274.67),(1889, 157.96, 277.35)]
KZ000035188	[(1884, -8.49, 0.0),(1885, -45.02, 0.0)]
RSM00032061	[(1881, -45.54, 0.0),(1882, -40.58, 0.0),(1883, -54.7, 0.0),(1884, -68.38, 0.0),(1885, -64.02, 0.0),(1886, -44.84, 0.0),(1887, -53.52, 0.0),(1888, -48.35, 0.0),(1889, -66.37, 0.0)]
SZ000002220	[(1882, -49.34, -3.31),(1883, -49.43, 21.22),(1884, -45.11, 12.09),(1885, -37.75, 16.37),(1886, -42.49, 17.48),(1887, -49.71, 11.77)]
USC00011685	[(1889, 180.14, 310.88)]
USC00030936	[(1883, 191.15, 298.19),(1884, 137.75, 296.73),(1885, 187.57, 307.05),(1886, 176.38, 298.97),(1887, 215.51, 326.09),(1888, 193.86, 302.69),(1889, 174.55, 279.08)]
USC00134049	[(1883, 87.69, 151.96),(1884, 58.15, 119.52),(1885, 33.26, 93.54),(1886, 47.45, 112.07),(1887, 44.4, 111.86),(1888, -189.81, -121.42)]
USC00172740	[(1886, 5.81, 125.08),(1887, -3.95, 123.9),(1888, -10.63, 103.85),(1889, 22.45, 161.29)]
USC00190830	[(1889, 64.75, 146.66)]
USC00193110	[(1885, 51.28, 172.62),(1886, 20.14, 136.18),(1887, 7.98, 117.36),(1888, -12.82, 108.5),(1889, 30.27, 140.18)]
USC00194295	[(1885, 41.3, 132.67),(1886, 45.98, 128.74),(1887, 51.41, 132.57),(1888, 42.01, 123.8),(1889, 67.17, 135.77)]
USC00194313	[(1885, 146.1, 241.45),(1889, 45.14, 146.18)]
USC00194340	[(1885, -40.16, 117.01),(1886, 32.42, 133.59),(1887, 12.61, 133.92),(1888, -0.03, 119.79),(1889, 25.65, 139.01)]
USC00194760	[(1885, 42.37, 129.07),(1886, 37.49, 121.65),(1887, -47.37, 38.26)]
USC00198960	[(1885, 78.87, 201.86),(1886, 34.99, 155.87),(1887, 25.36, 146.11),(1888, 15.33, 136.85),(1889, 44.53, 147.66)]
USC00200718	[(1888, -33.0, 72.0)]
USC00201744	[(1889, 63.46, 176.41)]
USC00205065	[(1888, 59.18, 130.55),(1889, 32.9, 104.94)]
USC00241008	[(1880, 72.0, 239.0)]
USC00263040	[(1888, -34.07, 117.69),(1889, 27.2, 179.22)]
USC00268761	[(1887, -60.65, 74.19),(1889, 82.97, 187.94)]
USC00270690	[(1886, 11.9, 162.55),(1887, -29.22, 123.36),(1888, -29.63, 104.12),(1889, 25.66, 146.65)]
USC00275712	[(1885, -10.95, 89.89),(1886, 21.85, 144.35),(1887, 19.71, 137.64),(1888, 17.17, 135.18),(1889, 35.81, 148.65)]
USC00287865	[(1880, 81.63, 127.07),(1881, 81.94, 157.34),(1882, 80.18, 149.39),(1883, 81.97, 155.58),(1884, 76.99, 152.55),(1885, 67.01, 147.93),(1886, 83.51, 141.51)]
USC00331662	[(1880, 57.43, 143.3),(1881, 58.28, 139.27),(1882, 56.28, 138.2),(1883, 41.87, 132.33),(1884, 48.15, 137.59),(1885, 36.36, 124.71),(1886, 44.6, 136.71),(1887, 49.23, 141.48),(1888, 47.06, 132.73),(1889, 59.81, 140.65)]
USC00363711	[(1888, 89.91, 172.52),(1889, 69.56, 153.27)]
USC00444876	[(1889, 91.8, 215.83)]
USC00462735	[(1889, 105.15, 166.54)]
USC00485355	[(1881, 878.0, 44.0)]
USW00014971	[(1883, 103.62, 194.46),(1886, -23.82, 92.87),(1887, -76.08, 98.52),(1888, 29.88, 152.22),(1889, 30.8, 172.43)]
USW00024121	[(1888, -13.58, 228.21),(1889, -28.53, 222.62)]
USW00024157	[(1889, 31.35, 149.06)]
