AGE00135039	[(1884, 126.61, 215.27),(1885, 140.95, 239.1),(1886, 143.33, 227.46),(1887, 142.08, 221.59),(1888, 136.02, 220.1),(1889, 125.59, 212.14)]
AGE00147717	[(1880, 72.46, 233.99),(1881, 87.37, 248.38),(1882, 18.44, 238.21),(1883, 90.52, 238.77),(1884, 84.81, 218.89),(1885, 75.76, 235.57),(1886, 89.64, 248.92),(1887, 88.27, 243.46),(1888, 77.47, 235.29),(1889, 71.64, 228.2)]
ASN00035027	[(1889, 193.89, 319.7)]
ASN00038003	[(1888, 158.53, 328.07),(1889, 176.67, 329.94)]
AU000005010	[(1880, 49.95, 122.77),(1881, 40.08, 111.53),(1882, 49.43, 122.81),(1883, 45.8, 116.22),(1884, 49.6, 124.83),(1885, 45.26, 121.14),(1886, 49.19, 120.56),(1887, 40.05, 110.43),(1888, 40.52, 109.36),(1889, 44.29, 109.48)]
CA001100120	[(1889, -13.6, 65.32)]
CA001105550	[(1880, 39.06, 120.71),(1881, 47.11, 130.36),(1882, -19.8, 30.02)]
CA004013480	[(1889, -88.67, 52.19)]
CA005012520	[(1883, -118.68, 6.9),(1884, -82.37, 41.8),(1885, -75.15, 53.0),(1886, -79.04, 63.31),(1887, -87.8, 51.79),(1888, -82.48, 47.47),(1889, -66.66, 88.86)]
CA005062047	[(1884, 0.0, -45.0),(1885, -315.89, -215.3)]
CA006055095	[(1882, -35.78, 50.1)]
CA006085023	[(1882, 88.64, 217.12),(1883, -95.42, 47.23),(1886, 17.49, 141.38),(1887, -47.84, 113.94),(1888, -35.21, 108.45),(1889, -38.4, 119.78)]
CA006102417	[(1880, 19.84, 144.57),(1881, 60.26, 184.33),(1882, -10.03, 121.88),(1883, -25.21, 106.59),(1884, -1.63, 134.73),(1885, -36.71, 113.55)]
CA006108060	[(1880, -28.31, 100.58),(1881, -23.03, 109.96),(1882, -26.4, 98.38),(1883, -51.71, 83.74),(1884, -35.37, 95.31),(1885, -49.7, 84.24),(1886, -40.9, 95.22),(1887, -45.25, 98.49),(1888, -41.83, 86.56),(1889, -16.62, 106.24)]
CA006111375	[(1887, -51.13, 100.75),(1888, -44.7, 86.84),(1889, -20.18, 105.49)]
CA006119064	[(1886, -7.45, 124.65),(1887, -38.13, 99.3),(1888, -53.82, 93.92),(1889, -25.03, 107.27)]
CA006142284	[(1882, 7.83, 108.92),(1883, -9.27, 96.95),(1885, -4.31, 96.36),(1886, 5.99, 104.04),(1887, 5.7, 109.35),(1888, 2.29, 99.9),(1889, 22.24, 115.59)]
CA006153192	[(1880, 32.55, 140.34),(1881, 17.85, 148.86),(1882, 13.65, 140.24),(1883, 0.08, 125.9),(1884, 10.38, 137.36),(1885, -5.84, 121.12),(1886, 6.34, 132.71),(1887, -6.44, 136.56),(1888, -58.51, 55.79)]
CA006164430	[(1880, 11.3, 125.76),(1881, 3.83, 123.81),(1882, -0.63, 113.95),(1883, -20.78, 97.59),(1884, -9.92, 113.2),(1885, -21.58, 98.7),(1886, -9.22, 113.05),(1887, -10.22, 116.15),(1888, -15.82, 105.45),(1889, 7.2, 113.9)]
CA006165195	[(1886, -114.98, -3.79),(1887, -38.94, 115.82),(1888, -41.38, 100.53),(1889, -15.85, 117.48)]
CA006166416	[(1880, 6.47, 126.91),(1881, 10.32, 131.78),(1882, 6.11, 122.77),(1883, -7.73, 107.92),(1884, 11.14, 123.12),(1885, -7.94, 110.51),(1886, -3.6, 118.82),(1887, -15.69, 128.7)]
CA007016280	[(1880, -14.01, 90.33),(1881, -5.64, 91.45),(1882, -17.17, 81.95),(1883, -27.97, 74.46),(1884, -16.07, 77.84),(1885, -24.62, 72.49),(1886, -18.37, 80.73),(1887, -16.79, 75.7),(1888, -19.24, 66.54),(1889, 1.74, 85.74)]
CA008104800	[(1880, 10.54, 88.33),(1881, 14.84, 87.24),(1882, 5.36, 81.26),(1883, -1.9, 86.86),(1884, 0.23, 89.59),(1885, -2.39, 91.64),(1886, 3.65, 98.04),(1887, -0.38, 92.01),(1888, -0.06, 84.23),(1889, 20.74, 102.84)]
CA008202198	[(1880, 14.65, 111.0),(1881, 20.21, 106.94),(1882, 14.69, 103.54),(1883, 7.86, 103.7),(1884, 15.71, 105.36),(1885, 16.13, 112.56),(1886, 22.92, 116.49),(1887, 14.95, 112.91),(1888, 11.81, 101.51),(1889, 35.37, 125.55)]
CA008401125	[(1880, -107.24, -0.8),(1881, -7.68, 0.0),(1882, -19.42, 0.0),(1883, -33.29, 0.0),(1884, -138.8, 0.0)]
CE000043497	[(1880, 237.01, 306.54),(1881, 239.48, 302.85),(1882, 236.93, 301.34),(1883, 233.99, 300.22),(1884, 233.15, 292.77),(1885, 234.49, 290.81),(1886, 233.32, 288.6),(1887, 230.07, 295.45),(1888, 233.31, 304.05),(1889, 235.78, 306.69)]
EIE00101859	[(1880, 65.03, 139.2),(1881, 61.12, 127.79),(1882, 49.24, 98.98),(1883, 65.12, 129.71),(1884, 72.27, 134.51),(1885, 63.86, 130.32),(1886, 66.25, 128.56),(1887, 65.74, 137.97),(1888, 67.78, 133.23),(1889, 72.72, 137.35)]
HRE00105182	[(1880, 41.31, 139.62)]
RSM00027051	[(1883, -40.51, 0.0),(1884, -52.84, 0.0)]
RSM00028275	[(1887, -149.84, 0.0),(1888, -51.74, 0.0),(1889, -49.99, 0.0)]
RSM00034110	[(1889, 0.18, 83.18)]
UK000003026	[(1880, 54.52, 110.77),(1881, 40.91, 98.95),(1882, 51.19, 107.44),(1883, 49.35, 105.91),(1884, 50.99, 109.41),(1885, 41.23, 99.9),(1886, 39.3, 102.2),(1887, 45.65, 105.77),(1888, 43.05, 101.33),(1889, 50.75, 109.17)]
UK000056225	[(1880, 59.97, 134.11),(1881, 55.23, 132.85),(1882, 64.47, 138.3),(1883, 62.02, 136.5),(1884, 64.83, 144.29),(1885, 54.17, 129.57),(1886, 55.8, 129.59),(1887, 46.01, 129.07),(1888, 52.0, 122.87),(1889, 54.94, 128.45)]
USC00035754	[(1884, 203.66, 299.26),(1885, 206.45, 315.72),(1886, 182.11, 309.21),(1887, 181.54, 311.07),(1888, 185.87, 308.92),(1889, 156.71, 270.13)]
USC00053010	[(1880, -55.6, 127.72),(1881, -39.02, 124.25),(1882, -51.3, 133.98),(1883, -25.05, 130.81)]
USC00064767	[(1880, 42.42, 156.23),(1881, 42.8, 153.11),(1882, 36.44, 147.33),(1883, 28.49, 145.51),(1884, 39.87, 150.32),(1885, 31.34, 148.68),(1886, 35.76, 148.4),(1887, 36.45, 148.24),(1888, 28.48, 137.22),(1889, 53.52, 151.28)]
USC00092475	[(1886, -22.0, 289.0)]
USC00176655	[(1885, 86.9, 142.34),(1886, -6.65, 41.43)]
USC00191820	[(1885, 30.12, 114.02),(1886, 36.18, 110.82),(1887, 37.53, 115.16)]
USC00196770	[(1886, 48.91, 168.33),(1887, 28.75, 132.82),(1889, -30.0, -3.23)]
USC00200094	[(1889, 35.98, 63.8)]
USC00253035	[(1888, -51.65, 102.15),(1889, -21.96, 133.07)]
USC00264939	[(1885, 38.84, 180.15),(1886, 29.67, 172.78),(1887, 15.81, 171.01),(1888, 27.87, 176.74),(1889, -10.01, 132.28)]
USC00275880	[(1889, 65.59, 176.07)]
USC00275997	[(1887, -25.66, 94.12),(1888, -0.74, 124.88),(1889, 18.38, 141.11)]
USC00474966	[(1880, 42.81, 135.86),(1881, 41.32, 133.49),(1882, 44.43, 132.72),(1883, 16.47, 110.64),(1884, 20.35, 109.32),(1885, 13.78, 101.23),(1886, 25.68, 121.62),(1887, 23.66, 123.26),(1888, 17.51, 108.71),(1889, 36.63, 126.75)]
USC00486120	[(1881, 211.0, 44.0)]
USW00024274	[(1880, 61.57, 148.98),(1881, 74.22, 158.78),(1882, 69.46, 162.01),(1883, 69.31, 165.15),(1884, 64.59, 164.23),(1885, 73.43, 189.45),(1886, 70.46, 171.49),(1887, 65.5, 162.07),(1888, 69.76, 173.11),(1889, 71.93, 181.49)]
USW00053875	[(1880, 114.58, 207.75),(1881, 115.65, 211.85),(1882, 115.98, 208.43),(1883, 113.83, 214.16),(1884, 107.99, 208.36),(1885, 97.77, 197.07),(1886, 92.25, 199.31),(1887, 104.66, 215.75),(1888, 105.27, 211.54),(1889, 102.96, 213.33)]
USW00093820	[(1887, -11.49, 95.1),(1888, 69.41, 176.13),(1889, 84.11, 180.57)]
