AGE00147708	[(1886, 128.05, 255.48),(1887, 113.06, 235.28),(1888, 112.2, 235.26),(1889, 100.54, 227.95)]
AGE00147720	[(1888, 56.67, 219.38),(1889, 51.64, 214.64)]
ASN00031010	[(1889, 228.97, 306.9)]
ASN00091049	[(1884, 108.5, 234.74)]
AU000005901	[(1880, 57.13, 138.99),(1881, 47.9, 122.95),(1882, 61.06, 142.07),(1883, 54.24, 128.28),(1884, 56.6, 135.53),(1885, 54.06, 136.69),(1886, 55.75, 133.95),(1887, 49.17, 124.81),(1888, 45.45, 121.68),(1889, 52.19, 123.26)]
AU000006306	[(1880, 45.48, 131.18),(1881, 38.42, 123.02),(1882, 43.96, 131.42),(1883, 39.89, 123.52),(1884, 56.71, 141.05),(1885, 48.99, 141.13),(1886, 54.35, 139.15),(1887, 39.61, 126.2),(1888, 44.21, 128.18),(1889, 46.62, 125.73)]
BE000006447	[(1880, 57.16, 136.7),(1881, 49.28, 126.63),(1882, 58.17, 131.03),(1883, 55.04, 131.3),(1884, 59.02, 138.85),(1885, 47.21, 126.42),(1886, 53.2, 132.17),(1887, 41.44, 120.7),(1888, 44.39, 117.39),(1889, 52.07, 124.14)]
CA001167635	[(1882, -33.05, 64.78),(1883, 27.1, 65.08),(1884, 46.0, 167.7),(1888, 57.86, 166.77),(1889, 42.56, 162.81)]
CA004013030	[(1889, -7.79, 134.41)]
CA006101658	[(1888, 17.54, 145.34),(1889, -10.96, 117.76)]
CA006106362	[(1880, -8.4, 114.76),(1881, 1.49, 122.86),(1882, -5.53, 110.35),(1883, -23.27, 99.43),(1884, -17.72, 106.73),(1885, -18.19, 103.06),(1886, -6.24, 108.9),(1887, -14.44, 109.04),(1888, -92.5, 25.01)]
CA006149625	[(1880, 14.11, 130.18),(1881, 11.25, 133.74),(1882, 10.23, 126.49),(1883, -10.64, 109.28),(1884, 2.9, 118.38),(1885, -7.96, 104.52),(1886, 4.53, 117.17),(1887, 5.47, 124.51),(1888, -1.68, 114.36),(1889, 16.63, 126.34)]
CA006150243	[(1887, -6.32, 106.89),(1888, -18.06, 92.33),(1889, 1.18, 106.47)]
CA007023240	[(1880, 5.55, 105.4),(1881, 6.94, 99.95),(1882, 6.68, 99.23),(1883, -11.36, 90.93),(1884, 0.33, 101.8),(1885, -10.37, 85.99),(1886, -2.21, 97.39),(1887, -7.0, 96.9),(1888, -6.56, 87.06),(1889, 12.02, 103.51)]
CA007025280	[(1880, 10.73, 110.99),(1881, 20.59, 111.58),(1882, 12.95, 98.18),(1883, -1.97, 89.47),(1884, 9.33, 98.07),(1885, -0.54, 86.05),(1886, 8.36, 97.24),(1887, 5.89, 95.65),(1888, 3.22, 85.94),(1889, 21.7, 102.76)]
CA007095000	[(1885, -95.6, 27.07)]
CA008104500	[(1883, -47.57, 73.11)]
CE000434730	[(1880, 97.7, 187.34),(1881, 99.94, 201.65),(1882, 101.16, 190.82),(1883, 99.73, 193.04),(1884, 94.51, 194.49),(1885, 98.84, 198.4),(1886, 101.29, 196.95),(1887, 95.96, 193.94),(1888, 98.74, 205.3),(1889, 103.2, 209.75)]
DA000027080	[(1880, 43.31, 109.77),(1881, 29.76, 91.96),(1882, 58.62, 112.68),(1883, 50.81, 104.59),(1884, 56.46, 109.13),(1885, 43.88, 102.0),(1886, 42.95, 103.91),(1887, 40.86, 102.65),(1888, 34.89, 90.3),(1889, 49.1, 106.69)]
DA000030380	[(1880, 34.22, 113.31),(1881, 24.85, 99.56),(1882, 47.62, 124.12),(1883, 40.28, 113.6),(1884, 45.35, 121.16),(1885, 30.15, 112.41),(1886, 32.4, 114.79),(1887, 32.27, 110.02),(1888, 29.05, 98.21),(1889, 39.73, 112.02)]
EI000003969	[(1881, 44.26, 123.84),(1882, 50.96, 129.35),(1883, 45.22, 126.18),(1884, 53.73, 130.73),(1885, 43.62, 121.36),(1886, 47.87, 121.15),(1887, 44.07, 127.53),(1888, 46.82, 120.55),(1889, 51.45, 127.73)]
GM000010962	[(1880, 31.34, 99.87),(1881, 22.5, 95.08),(1882, 28.91, 102.41),(1883, 18.02, 94.72),(1884, 28.38, 103.29),(1885, 25.06, 103.96),(1886, 29.2, 100.54),(1887, 18.52, 87.05),(1888, 23.86, 90.7),(1889, 21.72, 89.33)]
ITE00100554	[(1880, 91.98, 175.08),(1881, 89.88, 172.1),(1882, 93.93, 177.0),(1883, 86.68, 166.51),(1884, 88.87, 173.54),(1885, 92.71, 170.71),(1886, 93.41, 173.64),(1887, 82.11, 165.12),(1888, 83.2, 166.25),(1889, 85.69, 168.3)]
RSM00022845	[(1886, 0.63, 0.0),(1887, -67.64, 0.0)]
RSM00028440	[(1881, -25.57, 0.0),(1882, -43.97, 0.0),(1885, -139.87, -62.08),(1886, -33.67, 52.32),(1888, -43.19, 89.73),(1889, -108.24, 58.42)]
SZ000006717	[(1880, -23.9, 24.69),(1881, -31.06, 18.5),(1882, -30.34, 19.87),(1883, -42.96, 7.79),(1884, -41.25, 12.88),(1885, -43.81, 14.97),(1886, -49.95, 20.1),(1887, -58.02, 15.71),(1888, -52.24, 17.23),(1889, -54.16, 10.59)]
UPM00033587	[(1885, 12.89, 0.0),(1887, 25.37, 127.73),(1888, 20.07, 127.18),(1889, 16.19, 103.96)]
USC00015555	[(1880, 144.36, 242.69),(1881, 142.64, 246.28),(1882, 141.63, 243.41),(1883, 143.51, 250.79),(1884, 133.61, 242.11),(1885, 121.38, 228.12),(1886, 127.42, 231.15),(1887, 135.56, 242.7),(1888, 134.47, 239.45),(1889, 128.83, 242.05)]
USC00034251	[(1880, 124.71, 217.85),(1881, 129.92, 224.01),(1882, 129.88, 219.36),(1883, 121.39, 222.89),(1884, 116.28, 218.35),(1885, 114.95, 219.41),(1886, 104.47, 204.95),(1887, 113.05, 225.17),(1888, 110.41, 212.58),(1889, 117.2, 218.96)]
USC00061536	[(1885, 17.31, 152.95),(1886, 13.96, 139.78),(1887, -78.74, 45.34)]
USC00065445	[(1884, -44.41, 36.21),(1885, 2.64, 113.21),(1886, 16.52, 122.74),(1887, -105.46, -10.32)]
USC00173046	[(1886, -3.34, 97.61),(1887, 11.79, 115.43),(1888, 13.25, 109.41),(1889, 34.3, 131.38)]
USC00191097	[(1884, -26.22, 59.57),(1885, 38.87, 133.73),(1886, 41.18, 132.98),(1887, 41.46, 132.13),(1888, 33.38, 120.96),(1889, 52.11, 136.9)]
USC00195891	[(1886, -47.0, 0.0),(1887, -47.5, 161.5)]
USC00198375	[(1884, -18.02, 82.13),(1885, 27.58, 149.87),(1886, 34.21, 150.5),(1887, 43.71, 155.09),(1888, 23.85, 138.82),(1889, 45.14, 154.26)]
USC00199731	[(1885, -32.81, 72.14),(1886, 21.97, 122.23),(1887, 16.18, 119.37),(1888, -13.4, 114.78)]
USC00262383	[(1889, 121.44, 251.36)]
USC00269430	[(1889, 120.91, 246.52)]
USC00319191	[(1883, 139.5, 230.47),(1887, 12.17, 117.79),(1888, 88.59, 206.12),(1889, 94.09, 202.81)]
USC00348285	[(1888, 22.0, 183.0)]
USC00367239	[(1884, 1.61, 209.34),(1885, 35.97, 111.27),(1886, 40.98, 119.57),(1887, 36.79, 145.44),(1888, 29.89, 148.05),(1889, 47.66, 161.99)]
USC00383742	[(1884, 147.18, 286.56),(1885, 154.69, 283.63),(1886, 153.54, 291.8),(1887, 155.66, 296.32),(1888, 147.2, 281.07),(1889, 133.11, 262.51)]
USC00419421	[(1883, 193.32, 342.14),(1884, 185.08, 307.04),(1885, 191.01, 303.68),(1886, 200.89, 319.39),(1887, 203.42, 324.33),(1888, 162.06, 278.83)]
USC00469368	[(1881, 0.0, -180.5)]
USC00474375	[(1880, 37.87, 131.75),(1881, 44.19, 130.03),(1882, 46.49, 130.16),(1883, 19.47, 107.32),(1884, 31.68, 117.84),(1885, 27.13, 113.17),(1886, 38.5, 133.27),(1887, 20.47, 128.7),(1888, 13.37, 109.17),(1889, 29.27, 133.9)]
USW00013984	[(1885, 89.2, 211.98),(1886, 45.22, 170.04),(1887, 48.4, 176.93),(1888, 45.38, 175.02),(1889, 55.56, 176.96)]
USW00023068	[(1884, 64.97, 180.54),(1888, 59.68, 222.21),(1889, 34.63, 189.72)]
