AGE00147716	[(1880, 0.0, 240.52),(1881, 110.37, 228.62),(1882, 102.52, 226.85),(1883, 91.61, 231.72),(1884, 128.1, 219.11),(1885, 135.46, 232.79),(1886, 132.73, 223.22),(1887, 130.95, 220.2),(1888, 131.26, 217.16),(1889, 124.07, 214.41)]
AJ000037735	[(1882, 96.55, 210.93)]
AM000037789	[(1886, 45.17, 0.0),(1887, 49.22, 0.0),(1888, -15.26, 0.0),(1889, 62.76, 0.0)]
ASN00015540	[(1880, 124.64, 306.51),(1881, 133.05, 303.56),(1882, 133.57, 284.92),(1883, 120.38, 298.06),(1884, 126.75, 299.66),(1885, 118.49, 296.68),(1886, 124.31, 295.19),(1887, 122.47, 289.9),(1888, 133.26, 301.23),(1889, 139.16, 301.21)]
ASN00076077	[(1889, 96.86, 225.26)]
AU000011801	[(1880, 36.86, 136.97),(1881, 36.15, 131.02),(1882, 37.83, 136.11),(1883, 31.96, 125.84),(1884, 44.5, 126.22),(1885, 40.76, 132.47),(1886, 46.58, 130.83),(1887, 39.43, 118.0),(1888, 42.09, 120.05)]
CA003034480	[(1883, 63.57, 97.17),(1884, -19.39, 92.45),(1885, -17.13, 129.39),(1886, -18.9, 123.9),(1887, -39.21, 96.56),(1888, -23.12, 105.98),(1889, -8.56, 134.23)]
CA003072145	[(1880, -97.42, 50.23),(1881, -78.27, 59.84),(1882, -81.19, 70.77),(1884, -4.29, 141.58),(1886, -114.51, 34.77)]
CA004016320	[(1883, -18.31, 102.96),(1884, -70.48, 48.52),(1885, -50.64, 65.97),(1886, -53.12, 74.22),(1887, -68.13, 53.15),(1888, -55.8, 58.78),(1889, -34.59, 102.89)]
CA005022547	[(1880, -65.81, 62.45),(1881, -53.5, 77.06),(1882, -77.55, 57.37),(1883, -87.62, 52.7),(1884, -76.97, 57.41),(1885, -52.69, 78.85)]
CA005022790	[(1880, -59.58, 63.96),(1881, -39.51, 105.47),(1882, 0.0, 77.99),(1883, -68.53, 46.39),(1884, -62.25, 59.87),(1885, -71.56, 67.58),(1886, -60.04, 75.51),(1887, -70.21, 65.25),(1888, -61.4, 69.58),(1889, -44.44, 100.19)]
CA005063350	[(1880, -133.33, -43.9),(1881, -118.65, -18.38),(1882, -106.68, -4.17),(1883, -220.99, -130.68),(1885, -177.61, -117.82),(1886, -125.3, -39.52),(1887, -150.43, -60.7),(1888, -133.93, -53.4),(1889, -115.26, -22.3)]
CA006057595	[(1889, 24.04, 130.73)]
CA006100969	[(1885, 28.35, 122.59),(1886, 14.74, 113.69)]
CA006101872	[(1880, 8.97, 121.82),(1881, 14.14, 120.79),(1882, 6.7, 110.78),(1883, -8.98, 103.97),(1884, 3.21, 109.75),(1885, -6.9, 97.46),(1886, 1.45, 109.99),(1887, -2.69, 108.22)]
CA006110458	[(1889, -45.98, 43.48)]
CA006110605	[(1880, -17.18, 104.93),(1881, -12.13, 116.79),(1882, -18.53, 103.3),(1883, -38.99, 84.86),(1884, -22.36, 95.35),(1885, -32.1, 80.13),(1886, -21.42, 92.68),(1887, -26.26, 97.28),(1888, -26.6, 84.11),(1889, -1.52, 102.88)]
CA006112171	[(1882, 13.2, 94.48),(1883, -0.79, 85.69),(1884, 11.22, 101.11),(1885, -2.3, 86.48),(1886, 10.54, 103.06),(1887, 9.07, 106.05),(1888, -1.55, 93.45),(1889, 18.22, 111.63)]
CA006116128	[(1880, 15.79, 117.68),(1881, 20.14, 128.03),(1882, 9.17, 110.48),(1883, -14.2, 92.15),(1884, -6.5, 101.21),(1885, -24.06, 84.68),(1886, 4.85, 102.3),(1887, -10.44, 113.37),(1888, 10.63, 109.83),(1889, 12.39, 111.76)]
CA006122845	[(1880, 39.63, 119.19),(1881, 36.55, 119.78),(1882, 41.02, 119.37),(1883, 17.03, 102.45),(1884, 29.07, 112.61),(1885, 10.95, 97.9),(1886, 23.07, 108.66),(1887, 24.36, 112.7)]
CA006140941	[(1881, 74.35, 202.05),(1882, 21.99, 131.89),(1883, -42.12, 69.74),(1884, 8.79, 127.66),(1885, -4.59, 111.22),(1886, 27.87, 127.1),(1887, 17.03, 135.68),(1888, 6.59, 122.58),(1889, -34.21, 74.63)]
CA006144505	[(1883, 27.33, 139.52),(1884, 13.17, 119.95),(1885, 1.5, 103.8),(1886, 14.58, 116.38),(1887, 17.87, 120.44),(1888, 10.57, 110.14),(1889, 27.55, 126.54)]
CA006147340	[(1888, -57.06, 10.32),(1889, 21.02, 126.0)]
CA006158350	[(1880, 30.92, 118.86),(1881, 32.93, 124.21),(1882, 31.08, 117.89),(1883, 6.4, 100.96),(1884, 16.52, 111.07),(1885, 4.29, 98.62),(1886, 18.03, 110.03),(1887, 19.36, 114.61),(1888, 13.61, 105.75),(1889, 32.7, 118.75)]
CA006163156	[(1888, 26.44, 145.69),(1889, -4.0, 108.52)]
CA007056067	[(1880, -29.2, 62.39),(1881, -22.34, 67.3),(1882, -31.77, 57.79),(1883, -43.93, 55.66),(1884, -43.81, 51.17),(1885, -29.18, 52.1),(1886, -29.78, 57.84),(1887, -36.99, 50.1),(1888, -36.22, 48.96),(1889, -19.41, 66.44)]
CA008101700	[(1880, -17.19, 110.69),(1881, -5.16, 108.97),(1882, -17.36, 103.88),(1883, -30.17, 99.87),(1884, -17.85, 101.57),(1885, -21.55, 104.69),(1886, -10.27, 104.33),(1887, -15.58, 98.78),(1888, -14.06, 93.02),(1889, 5.1, 116.07)]
CA008206490	[(1880, 21.87, 111.59),(1881, 27.8, 104.75),(1882, 22.57, 91.75),(1883, 16.51, 93.4),(1884, 26.11, 98.34),(1885, 25.52, 107.09),(1886, 18.29, 111.36),(1887, 19.09, 106.48),(1888, 22.66, 91.9),(1889, 42.12, 117.2)]
CA008300441	[(1880, -9.58, 91.17),(1881, -2.78, 86.62),(1882, -10.75, 82.81),(1883, -17.51, 88.25),(1884, -14.07, 80.57),(1885, -9.82, 91.73),(1886, -4.08, 96.8),(1887, -11.88, 88.85),(1888, -11.24, 82.37),(1889, 8.6, 110.42)]
CA008403500	[(1880, 0.05, 83.5),(1881, 0.84, 83.75),(1882, -6.12, 88.59),(1883, -7.2, 106.24),(1884, -11.08, 80.75),(1885, 7.29, 88.99),(1886, 9.12, 96.6),(1887, 1.07, 89.91),(1888, 3.3, 80.01),(1889, 22.94, 111.83)]
RSM00023804	[(1888, -4.82, 0.0),(1889, -29.4, 0.0)]
RSM00027857	[(1881, -29.47, 0.0),(1882, -7.54, 0.0),(1883, -11.35, 0.0),(1884, -21.37, 0.0),(1887, -7.69, 0.0)]
RSM00029348	[(1887, 94.0, 247.0)]
UK000000000	[(1880, 0.0, 64.0),(1881, 48.89, 122.83),(1882, 57.92, 131.56),(1883, 52.21, 128.32),(1884, 59.46, 137.51),(1885, 47.46, 124.46),(1886, 51.74, 122.88),(1887, 42.4, 123.75),(1888, 47.77, 117.18),(1889, 54.33, 126.22)]
UPM00033910	[(1885, 53.48, 0.0),(1886, 56.92, 0.0),(1887, 62.27, 0.0),(1889, 52.55, 0.0)]
UPM00033946	[(1886, 87.04, 0.0),(1887, 58.67, 0.0),(1888, 51.89, 0.0),(1889, 57.97, 0.0)]
USC00023096	[(1883, 161.49, 306.65),(1889, 118.9, 212.74)]
USC00035186	[(1884, 121.38, 291.18),(1885, 167.5, 297.68),(1886, 180.42, 301.62),(1887, 163.38, 300.3),(1888, 164.18, 300.52),(1889, 131.09, 260.11)]
USC00043157	[(1880, 0.0, 150.99),(1881, 0.0, 179.93),(1882, 23.24, 184.34),(1883, -10.26, 170.49),(1884, 15.84, 151.8),(1885, 41.77, 180.93),(1886, 28.98, 159.52),(1887, 20.43, 164.04),(1888, 27.81, 172.77),(1889, 28.41, 175.0)]
USC00194012	[(1885, 6.69, 154.68),(1888, 27.4, 168.0)]
USC00194405	[(1885, 114.17, 183.23),(1886, 120.18, 194.81),(1887, 123.89, 191.53)]
USC00195317	[(1887, -16.37, 81.03),(1888, -85.85, 16.79)]
USC00196988	[(1884, -52.21, 1.31),(1885, 19.8, 102.35),(1886, 31.03, 111.13),(1887, 24.9, 107.08),(1888, 15.38, 92.37),(1889, -20.41, 50.11)]
USC00241418	[(1882, -78.0, -11.0)]
USC00260507	[(1887, -13.34, 91.18),(1888, 33.35, 163.2),(1889, 17.31, 175.14)]
USC00266252	[(1888, 14.45, 183.34),(1889, 6.8, 198.58)]
USC00301010	[(1880, 48.65, 121.91),(1881, 45.05, 124.66),(1882, 46.92, 119.24),(1883, 30.6, 114.75),(1884, 37.55, 119.67),(1885, 27.69, 108.16),(1886, 40.45, 120.84),(1887, 42.52, 127.0),(1888, 32.96, 108.94),(1889, 49.48, 119.78)]
USC00422996	[(1887, -378.29, -44.61),(1888, -44.89, 164.74),(1889, -5.38, 153.47)]
USC00431072	[(1883, 0.0, -5.03),(1884, -66.71, 110.89),(1885, -92.9, 116.55),(1886, -65.13, 89.94),(1887, -73.12, 92.37),(1888, -83.29, 101.8),(1889, -44.41, 118.71)]
USC00463100	[(1882, -14.11, 97.79)]
USC00475484	[(1880, 40.93, 128.12),(1881, 42.1, 121.77),(1882, 48.4, 124.89),(1883, 22.35, 106.34),(1884, 26.03, 110.5),(1885, 12.96, 99.66),(1886, 25.4, 115.38),(1887, 28.3, 117.13),(1888, 22.11, 105.01),(1889, 39.01, 118.32)]
USW00013724	[(1880, 77.8, 157.97),(1881, 79.69, 150.91),(1882, 76.28, 149.95),(1883, 68.96, 143.74),(1884, 76.53, 152.38),(1885, 65.79, 145.07),(1886, 69.34, 148.02),(1887, 75.58, 150.3),(1888, 65.17, 143.78),(1889, 80.65, 146.22)]
