AGE00147709	[(1884, 95.12, 189.33),(1885, 97.69, 197.73),(1886, 96.88, 182.86),(1887, 96.3, 183.53),(1888, 97.3, 176.83),(1889, 90.91, 174.68)]
AGE00147715	[(1886, 99.94, 227.25),(1887, 113.0, 266.73),(1888, 93.3, 238.88),(1889, 88.67, 237.9)]
CA001066336	[(1886, 57.16, 130.18),(1887, 12.02, 90.65),(1888, 33.37, 104.37),(1889, 37.21, 115.3)]
CA005011760	[(1880, 0.0, -144.06),(1881, -28.14, 55.11),(1882, -57.07, 61.95),(1883, -91.9, 37.6),(1884, -83.21, 45.01),(1885, -80.3, 54.82),(1886, -79.19, 69.03),(1887, -86.02, 57.52),(1888, -76.51, 58.17),(1889, -52.92, 100.7)]
CA006085682	[(1887, -139.26, -36.77),(1888, -60.87, 91.47),(1889, -26.98, 109.09)]
CA006113000	[(1880, 0.13, 110.23),(1881, 4.34, 115.72),(1882, 4.23, 107.68),(1883, -17.2, 93.23),(1884, -4.98, 106.88),(1885, -20.79, 91.11),(1886, -4.03, 102.78),(1887, -7.72, 114.45),(1888, -17.64, 98.08),(1889, 2.33, 116.65)]
CA006124127	[(1880, 33.79, 127.91),(1881, -41.53, 125.38),(1882, 0.0, 123.77),(1883, 36.3, 107.93),(1884, 23.37, 117.71),(1885, 9.31, 106.23),(1886, 28.01, 121.08),(1888, 1.43, 99.78),(1889, 29.5, 121.2)]
CA006124700	[(1886, 53.55, 163.09),(1887, 12.85, 122.85),(1888, 3.63, 110.99),(1889, 22.25, 124.04)]
CA006136643	[(1880, 40.46, 121.38),(1881, 38.64, 125.38),(1882, 39.36, 120.38),(1883, 19.12, 104.81),(1884, 30.71, 112.63),(1885, 16.52, 102.73),(1886, 29.24, 113.5),(1887, 29.76, 123.63),(1888, 20.93, 112.17),(1889, 39.16, 130.55)]
CA006139445	[(1880, -3.13, 74.79),(1881, 16.02, 125.17),(1882, -21.66, 72.97),(1883, 8.12, 115.17),(1884, 14.6, 118.7),(1885, 0.03, 103.53),(1886, 18.48, 119.6)]
CA006155876	[(1882, 18.94, 106.6),(1883, 4.18, 99.63),(1884, 8.13, 118.11),(1885, -1.34, 107.41),(1886, 10.27, 113.17),(1887, 9.3, 117.49),(1888, -30.01, 70.04),(1889, 20.58, 121.57)]
CA006165716	[(1880, 9.11, 116.03),(1882, 13.7, 168.16),(1884, 9.83, 144.05),(1885, -12.25, 133.96),(1886, -13.6, 137.23),(1887, -34.63, 112.22),(1888, -35.72, 79.92),(1889, 8.57, 103.82)]
CA007021952	[(1880, -22.71, 88.28),(1881, -17.46, 89.1),(1882, -31.09, 74.56),(1883, -45.68, 68.86),(1884, -29.8, 78.33),(1885, -36.87, 80.36),(1886, -30.28, 82.71),(1887, -37.67, 77.39),(1888, -37.17, 65.98),(1889, -17.04, 90.84)]
CA007024280	[(1888, -89.9, -3.61),(1889, -10.55, 99.92)]
CA007066688	[(1888, 5.78, 102.01),(1889, -21.88, 73.85)]
FRE00104937	[(1880, 0.0, 9990.0),(1881, 0.0, 9990.0),(1882, 0.0, 9990.0),(1883, 0.0, 9990.0),(1884, 0.0, 9990.0),(1885, 0.0, 9990.0),(1886, 0.0, 9990.0),(1887, 0.0, 9990.0),(1888, 0.0, 9990.0),(1889, 0.0, 9990.0)]
GM000004063	[(1880, 42.66, 127.47),(1881, 37.88, 118.68),(1882, 44.11, 131.51),(1883, 43.95, 130.59),(1884, 46.42, 136.43),(1885, 40.59, 135.48),(1886, 46.72, 139.73),(1887, 29.6, 123.26),(1888, 34.46, 122.55),(1889, 39.17, 125.58)]
GM000004204	[(1880, 33.64, 149.82),(1881, 24.58, 130.9),(1882, 43.25, 141.05),(1883, 36.85, 134.29),(1884, 41.45, 140.35),(1885, 31.42, 132.5),(1886, 33.68, 138.39),(1887, 25.57, 123.42),(1888, 29.45, 127.35),(1889, 34.49, 129.04)]
GME00121258	[(1888, -10.23, 49.07),(1889, 42.27, 125.76)]
GMW00035032	[(1880, 60.6, 142.06),(1881, 52.72, 132.96),(1882, 60.8, 136.48),(1883, 58.4, 136.81),(1884, 64.77, 144.84),(1885, 53.81, 133.75),(1886, 60.56, 140.97),(1887, 48.1, 125.4),(1888, 50.18, 124.22),(1889, 57.13, 130.28)]
RSM00032071	[(1886, -64.21, 0.0),(1887, -69.24, 0.0),(1888, -63.99, 0.0),(1889, -81.04, 0.0)]
TX000038895	[(1889, 48.89, 0.0)]
USC00171100	[(1888, 30.8, 117.52),(1889, 35.86, 133.12)]
USC00172426	[(1889, 63.0, 124.8)]
USC00176902	[(1880, 48.83, 135.33),(1881, 51.02, 131.18),(1882, 47.22, 131.46),(1883, 33.99, 125.42),(1884, 44.62, 130.4),(1885, 30.63, 121.65),(1886, 26.62, 111.9),(1887, 26.55, 110.63),(1888, 19.03, 101.09),(1889, 42.67, 119.59)]
USC00191650	[(1885, 46.5, 129.13),(1886, 49.05, 129.57),(1887, 46.43, 128.91),(1888, 40.65, 121.57),(1889, 61.66, 135.62)]
USC00200146	[(1887, 48.49, 176.39),(1888, -0.08, 124.5),(1889, -13.75, 118.63)]
USC00260770	[(1889, 64.22, 178.38)]
USC00262030	[(1888, 0.0, -140.17)]
USC00262708	[(1888, 78.99, 218.6),(1889, 8.49, 175.84)]
USC00279307	[(1886, -21.58, 122.93),(1887, -2.65, 111.61),(1889, -12.45, 127.12)]
USC00298072	[(1880, -3.28, 149.82),(1881, 41.41, 173.97),(1882, 32.95, 163.71),(1883, 3.92, 128.35),(1884, -59.15, 53.42),(1885, 30.66, 154.85),(1886, 31.64, 153.91),(1887, 35.28, 160.99),(1888, 37.74, 159.21),(1889, 37.46, 160.0)]
USC00301207	[(1888, -72.58, 116.05)]
USC00319462	[(1880, 127.06, 228.24),(1881, 135.71, 224.37),(1882, 136.22, 221.19),(1883, 133.57, 225.18),(1884, 136.15, 229.8),(1885, 123.7, 220.63),(1886, 115.44, 221.86),(1887, 117.25, 219.88),(1888, 122.5, 217.55),(1889, 127.9, 216.01)]
USC00343300	[(1880, 94.19, 219.29),(1881, 107.59, 231.29),(1882, 100.12, 224.81),(1883, 93.07, 223.34),(1884, 118.97, 250.35),(1885, 70.65, 215.25),(1886, 94.84, 227.39),(1887, 97.69, 227.3),(1888, 86.23, 216.13),(1889, 94.33, 220.5)]
USC00354670	[(1887, 30.09, 183.99),(1888, -12.55, 125.52)]
USC00456109	[(1880, 43.65, 137.96),(1881, 53.1, 138.45),(1882, 50.54, 141.76),(1883, 52.4, 146.74),(1884, 53.54, 150.36),(1885, 59.08, 168.36),(1886, 53.7, 155.49),(1887, 47.16, 144.12),(1888, 55.89, 157.48),(1889, 54.49, 165.16)]
USC00466207	[(1880, 80.82, 176.13),(1881, 80.31, 174.22),(1882, 75.83, 166.24),(1883, -21.36, 77.17)]
USW00094728	[(1880, 75.76, 156.99),(1881, 73.45, 152.56),(1882, 73.4, 146.64),(1883, 62.87, 139.95),(1884, 75.69, 149.18),(1885, 64.59, 143.37),(1886, 66.5, 148.82),(1887, 64.6, 146.49),(1888, 57.22, 136.85),(1889, 78.42, 154.22)]
