AGE00147718	[(1880, 147.88, 306.61),(1881, 158.0, 283.81),(1882, 139.67, 271.77),(1883, 127.04, 274.22),(1885, 147.19, 270.06),(1886, 145.86, 266.39),(1887, 142.98, 268.57),(1888, 152.98, 277.34),(1889, 145.09, 268.72)]
ASN00048013	[(1880, 123.74, 283.21),(1881, 139.91, 273.59),(1882, 146.96, 278.45),(1883, 145.32, 288.65),(1884, 149.28, 288.32),(1885, 132.01, 297.67),(1886, 127.04, 290.0),(1887, 126.83, 272.83),(1888, 124.42, 306.83),(1889, 138.63, 293.47)]
ASN00063004	[(1880, 64.69, 202.02),(1881, 61.52, 202.05),(1882, 66.52, 210.23),(1883, 58.87, 203.1),(1884, 62.45, 216.15),(1885, 62.13, 219.45),(1886, 66.75, 211.35),(1887, 70.53, 198.78),(1888, 55.09, 228.85),(1889, 71.66, 223.46)]
ASN00072151	[(1880, 90.64, 241.64),(1881, 89.11, 225.0),(1882, 63.45, 228.23),(1883, 49.29, 227.59),(1884, 74.74, 241.03),(1885, 80.73, 240.53),(1886, 83.14, 218.99),(1887, 69.53, 232.83),(1888, 48.48, 255.82),(1889, 93.15, 249.99)]
ASN00086071	[(1880, 99.34, 194.05),(1881, 95.27, 194.92),(1882, 95.13, 198.48),(1883, 97.67, 199.92),(1884, 92.67, 192.9),(1885, 95.04, 189.73),(1886, 90.46, 191.17),(1887, 99.77, 190.46),(1888, 92.99, 192.78),(1889, 99.66, 195.31)]
CA001090660	[(1888, -22.35, 110.16),(1889, -21.3, 80.16)]
CA004019070	[(1884, -90.08, 33.24)]
CA005010977	[(1889, -45.24, 83.82)]
CA005012279	[(1886, -31.48, 115.37),(1887, -128.82, 67.61),(1888, -48.96, 64.89),(1889, -11.34, 124.7)]
CA005012540	[(1885, -10.89, 133.3),(1886, -60.69, 94.63),(1887, -68.47, 77.1),(1888, -63.5, 78.04),(1889, -42.52, 108.9)]
CA006092915	[(1882, -104.16, -16.77)]
CA006118187	[(1888, 48.0, 149.48),(1889, -6.97, 94.97)]
CA006137147	[(1885, -12.21, 69.24),(1886, 16.28, 129.47),(1887, 17.75, 132.55),(1888, 6.55, 121.84),(1889, 24.05, 138.01)]
CA006137735	[(1880, 25.69, 138.34),(1881, 23.91, 137.16),(1882, 24.88, 129.33),(1883, 8.97, 119.57),(1884, 14.04, 126.99),(1885, 4.78, 108.79),(1886, 18.36, 118.04),(1887, 19.3, 124.7),(1888, -123.81, -27.4)]
CA006141095	[(1880, -1.61, 124.02),(1881, 18.73, 129.1),(1882, 17.38, 119.92),(1883, -5.84, 103.13),(1884, 1.13, 118.91),(1885, 13.86, 131.32),(1886, 6.35, 120.35),(1887, 6.58, 126.92),(1888, 0.78, 113.72),(1889, 16.91, 120.77)]
CA006144470	[(1880, 24.26, 116.28),(1881, 26.06, 134.52),(1882, 19.74, 124.78),(1883, 0.66, 112.88),(1884, -0.08, 117.43),(1885, -6.31, 105.81),(1886, -6.61, 102.14),(1887, 1.16, 108.96),(1888, -9.54, 99.63),(1889, -7.32, 94.55)]
CA006148100	[(1880, 15.83, 119.49),(1881, 13.81, 129.16),(1882, 5.05, 108.42),(1883, -5.74, 104.17),(1884, 4.0, 114.6),(1885, -7.59, 98.19),(1886, 8.07, 111.49),(1887, 3.45, 115.42),(1888, -1.59, 105.58)]
CA006164297	[(1880, 32.27, 0.0),(1881, 13.9, 0.0),(1882, 10.0, 0.0),(1883, -17.37, 155.65),(1884, -6.31, 153.28),(1885, -26.07, 100.61),(1886, -22.51, 129.49),(1887, -21.57, 84.54),(1888, -17.84, 94.24),(1889, 14.42, 114.33)]
CA008200150	[(1880, -57.94, 0.0),(1881, -39.27, 17.79),(1882, -14.82, 114.32),(1883, -25.85, 119.88),(1885, 24.32, 139.65),(1886, -45.55, 80.61),(1887, 69.52, 197.17),(1888, -82.94, 6.97)]
CA008205988	[(1880, -6.4, 113.04),(1881, -0.86, 107.99),(1882, -5.46, 103.92),(1883, -20.64, 94.43),(1884, -3.28, 104.47),(1885, -3.95, 112.57),(1886, 7.2, 117.36),(1887, -3.33, 110.32),(1888, -2.07, 100.86),(1889, 17.82, 125.13)]
CYE00100074	[(1881, 138.74, 275.96),(1882, 84.62, 220.87),(1883, 67.87, 262.36),(1884, 97.44, 266.19),(1885, 119.03, 274.88),(1886, 108.99, 274.69),(1887, 118.9, 262.62),(1888, 124.93, 257.58),(1889, 135.25, 263.04)]
GG000037545	[(1881, 73.63, 0.0),(1882, 79.66, 0.0),(1883, 75.44, 0.0),(1884, 71.2, 0.0),(1885, 74.16, 0.0),(1886, 72.38, 0.0),(1887, 77.96, 0.0),(1888, 77.92, 215.14),(1889, 92.72, 200.04)]
GM000002698	[(1880, 57.16, 142.31),(1881, 53.41, 137.7),(1882, 58.09, 137.28),(1883, 58.7, 136.62),(1884, 62.9, 146.99),(1885, 51.3, 138.44),(1886, 56.03, 144.46),(1887, 38.69, 128.97),(1888, 46.08, 126.95),(1889, 54.81, 128.92)]
HR000142360	[(1881, 62.34, 139.58),(1882, 74.47, 159.61),(1883, 64.29, 143.78),(1884, 68.78, 149.4),(1885, 75.22, 156.76),(1886, 71.2, 149.22),(1887, 65.84, 146.31),(1888, 58.73, 139.34),(1889, 67.41, 138.34)]
KZ000038198	[(1882, 99.7, 0.0),(1883, 69.48, 0.0)]
UPM00033345	[(1881, 14.75, 83.99),(1882, 36.07, 115.91),(1883, 20.2, 93.16),(1884, 39.88, 107.02),(1885, 34.57, 116.33),(1886, 25.88, 110.15),(1887, 33.42, 114.24),(1888, 15.07, 104.37),(1889, 32.04, 112.49)]
USC00033466	[(1887, -13.77, 141.79),(1888, 95.38, 0.0),(1889, 99.8, 246.21)]
USC00144559	[(1880, 48.95, 91.43),(1881, 88.08, -352.52)]
USC00194875	[(1885, 7.56, 136.34),(1886, 13.25, 142.28),(1887, 15.82, 142.36),(1888, 7.25, 131.32),(1889, 40.49, 160.48)]
USC00200032	[(1887, -42.79, 78.27),(1888, 9.36, 140.16),(1889, 6.37, 118.85)]
USC00207097	[(1889, 46.6, 155.44)]
USC00254812	[(1882, -28.42, -256.27)]
USC00267835	[(1887, -44.5, 147.89),(1888, 66.13, 322.13)]
USC00277060	[(1886, 29.15, 166.87),(1887, 3.23, 125.29)]
USC00324418	[(1881, 167.0, 283.0)]
USC00435733	[(1887, 18.28, 131.49),(1888, -10.7, 95.71),(1889, 9.1, 112.41)]
USC00481816	[(1881, 100.0, 267.0)]
USW00013872	[(1880, 15.4, 116.11),(1887, 79.35, 184.9),(1889, 73.4, 190.6)]
USW00014838	[(1880, 4.91, 105.44),(1881, 2.58, 79.5),(1882, 14.95, 106.54),(1883, -32.83, 82.01),(1884, -97.75, 9.07),(1885, 14.07, 108.99),(1886, -0.81, 97.94),(1887, 9.63, 103.07),(1888, -10.33, 75.58),(1889, 13.39, 96.01)]
