AGE00147713	[(1880, 79.94, 207.63),(1881, 79.34, 214.39),(1882, 69.04, 210.48),(1886, 97.63, 222.97),(1887, 82.7, 205.98),(1888, 74.66, 203.21),(1889, 69.15, 173.64)]
ASN00014016	[(1885, 230.32, 328.13),(1886, 237.48, 334.36),(1887, 227.14, 325.87),(1888, 234.34, 336.32),(1889, 240.53, 340.0)]
ASN00048030	[(1881, 90.05, 275.88),(1882, 112.66, 0.0),(1883, 104.32, 290.48),(1884, 104.02, 324.63),(1885, 108.19, 286.26),(1886, 110.15, 270.67),(1887, 105.59, 284.57),(1888, 128.22, 299.34),(1889, 154.97, 288.19)]
ASN00052026	[(1880, 127.47, 278.9),(1881, 127.76, 269.95),(1882, 115.31, 297.56),(1883, 115.75, 275.16),(1884, 133.22, 290.69),(1885, 125.45, 280.55),(1886, 128.68, 258.21),(1887, 123.75, 253.62),(1888, 122.95, 265.27),(1889, 140.59, 250.08)]
ASN00055023	[(1880, 49.13, 287.2),(1881, 66.82, 289.35),(1882, 111.66, 296.7),(1883, 122.55, 270.28),(1884, 128.63, 261.02),(1885, 126.5, 248.76),(1886, 121.35, 239.02),(1887, 116.9, 231.05),(1888, 127.4, 267.94),(1889, 142.42, 281.35)]
ASN00090015	[(1880, 104.4, 193.9),(1881, 102.0, 190.62),(1882, 100.55, 192.75),(1883, 104.08, 200.1),(1884, 96.79, 188.4),(1885, 91.08, 181.62),(1886, 103.86, 186.7),(1887, 106.02, 182.43),(1888, 103.98, 181.24),(1889, 108.28, 185.82)]
AU000015410	[(1886, -134.43, -80.49),(1887, -98.05, -49.84),(1888, -92.24, -45.36),(1889, -92.99, -49.03)]
CA001104468	[(1880, 32.54, 117.02),(1881, 46.33, 142.12),(1882, -7.29, 64.17)]
CA005023243	[(1880, -65.84, 57.48),(1881, -58.49, 71.69),(1882, -50.41, 72.07),(1883, -80.62, 47.46),(1884, -65.04, 44.1),(1885, -61.9, 60.47),(1886, -60.81, 75.83),(1887, -73.5, 63.92),(1888, -62.3, 64.81),(1889, -45.15, 92.34)]
CA006046588	[(1880, -53.23, 65.81),(1881, -37.48, 77.73),(1882, -33.67, 78.13),(1883, -68.18, 61.58),(1884, -54.78, 64.83),(1885, -54.77, 57.77),(1886, -44.72, 68.17),(1887, -49.77, 63.99),(1888, -50.32, 59.56),(1889, -29.13, 85.25)]
CA006075400	[(1880, -72.25, 34.92),(1881, -67.24, 41.08),(1882, -189.01, -64.71),(1889, -127.34, -27.7)]
CA006094450	[(1880, 5.43, 98.09),(1881, -8.1, 86.97),(1886, 30.02, 124.99),(1887, -7.6, 101.16),(1888, -9.03, 87.25),(1889, 14.41, 108.75)]
CA006142252	[(1889, 24.8, 117.99)]
CA006143083	[(1881, 87.0, 183.2),(1882, 28.48, 119.77),(1883, 4.9, 107.32),(1884, 5.29, 120.52),(1885, -13.57, 99.21),(1886, 4.62, 118.62),(1887, 6.02, 121.96),(1888, 0.48, 110.9),(1889, 9.39, 126.08)]
CA006150913	[(1880, 27.16, 120.84),(1881, 22.72, 124.65),(1882, 12.51, 109.32),(1883, -1.67, 101.33),(1884, 6.42, 111.95),(1885, -12.14, 91.79),(1886, 4.22, 109.43),(1887, 6.34, 118.5),(1888, 4.57, 110.04)]
CA006160465	[(1882, -54.56, 46.7),(1883, -43.55, 82.55),(1884, -35.95, 100.43),(1885, -42.51, 96.9),(1886, -155.42, -13.91),(1889, -58.22, 35.26)]
CA007021954	[(1880, 43.38, 146.0),(1881, -1.77, 109.73),(1882, -11.91, 101.48),(1883, -24.08, 97.22),(1884, 2.61, 106.17),(1885, -20.33, 98.81),(1886, -13.46, 111.31),(1887, -11.74, 112.24)]
CA007050790	[(1881, -8.5, 50.14),(1882, -7.17, 62.22),(1883, -8.83, 65.28),(1884, -11.9, 58.35),(1885, -4.12, 66.15),(1886, 5.1, 73.68),(1887, -4.25, 65.61),(1888, -3.18, 65.16),(1889, 7.27, 76.8)]
CA007061440	[(1880, -151.45, 11.42),(1881, -78.12, 30.65),(1882, -40.89, 87.54),(1883, -41.26, 90.1),(1884, -42.51, 60.34),(1885, -48.11, 65.67),(1886, -41.22, 70.08),(1887, -39.88, 72.59),(1888, -40.42, 71.99),(1889, -27.58, 86.81)]
CA008105600	[(1886, -101.64, -0.47),(1887, -26.97, 94.82),(1888, -14.17, 87.21),(1889, 2.94, 112.9)]
CA008204420	[(1881, 6.43, 92.62),(1882, 5.45, 91.55),(1883, 8.78, 101.23),(1884, 8.48, 100.63),(1885, 15.79, 112.07),(1886, 27.42, 129.29),(1887, 12.87, 107.6),(1888, 9.63, 97.67),(1889, 31.07, 121.67)]
CA008403635	[(1889, 55.35, 126.09)]
EZE00100082	[(1880, 58.72, 130.63),(1881, 47.78, 116.32),(1882, 61.27, 129.18),(1883, 55.19, 122.54),(1884, 60.14, 130.07),(1885, 56.97, 128.11),(1886, 58.89, 128.96),(1887, 48.94, 116.68),(1888, 49.27, 116.45),(1889, 56.16, 120.59)]
GM000004199	[(1880, 40.26, 124.03),(1881, 34.28, 119.82),(1882, 38.5, 126.54),(1883, 36.52, 119.57),(1884, 42.55, 128.96),(1885, 36.32, 125.81),(1886, 41.22, 126.61),(1887, 28.06, 112.17),(1888, 33.06, 113.29),(1889, 35.79, 112.8)]
KZ000035700	[(1881, 24.43, 0.0),(1882, -116.39, 0.0),(1885, -0.81, 43.08),(1886, 0.0, 118.65),(1887, 0.0, 244.11)]
RSM00024944	[(1882, -168.71, 0.0)]
RSM00024959	[(1888, 9.46, 127.98),(1889, -110.35, 0.0)]
RSM00026063	[(1881, -8.35, 67.19),(1882, 13.01, 0.0),(1883, 4.64, 69.98),(1884, -2.01, 70.82),(1885, 3.48, 78.12),(1886, 11.36, 81.7),(1887, 15.74, 80.81),(1888, -16.69, 56.88),(1889, 8.15, 78.77)]
RSM00026477	[(1881, -25.82, 53.68),(1882, 22.01, 94.0),(1883, 17.18, 97.32),(1884, 15.42, 107.81),(1885, 20.39, 107.61),(1886, 6.47, 97.8),(1887, 21.94, 109.66),(1888, -22.28, 73.25),(1889, 3.86, 106.23)]
RSM00034163	[(1884, -20.77, 0.0)]
RSM00034880	[(1881, 48.72, 138.42),(1882, 58.9, 149.0),(1883, 50.87, 149.44),(1884, 49.15, 143.54),(1885, 46.38, 150.34),(1886, 8.46, 111.62),(1889, -113.19, -62.52)]
RSM00037472	[(1882, 83.23, 0.0),(1883, 83.6, 0.0),(1884, 79.05, 0.0),(1885, 53.98, 0.0),(1886, 84.03, 0.0),(1887, 92.51, 0.0),(1888, 85.4, 0.0),(1889, 82.82, 0.0)]
TS000060765	[(1887, 122.48, 258.53),(1888, 99.45, 229.35),(1889, 137.02, 256.4)]
UK000047811	[(1880, 53.36, 123.8),(1881, 46.01, 115.15),(1882, 53.43, 123.57),(1883, 46.67, 121.46),(1884, 49.63, 129.36),(1885, 44.06, 120.26),(1886, 46.03, 116.78),(1887, 46.45, 123.68),(1888, 46.28, 119.23),(1889, 54.19, 125.33)]
USC00034562	[(1883, 162.86, 302.73),(1884, 163.15, 304.04),(1885, 154.02, 311.54),(1886, 177.36, 321.07),(1887, 154.1, 320.97),(1888, 199.93, 310.11),(1889, 158.89, 286.48)]
USC00067361	[(1884, -41.02, 58.02),(1885, 24.96, 132.82),(1886, 27.63, 131.42),(1887, 34.07, 139.78),(1888, 24.35, 126.13),(1889, 48.87, 145.63)]
USC00068138	[(1888, 63.52, 167.39),(1889, 40.8, 129.39)]
USC00090284	[(1883, -25.0, 0.0),(1884, -26.95, 361.0),(1887, -24.37, 0.0),(1888, -22.14, 0.0),(1889, -20.13, 0.0)]
USC00175070	[(1885, 118.39, 239.22),(1886, -109.11, 205.43),(1887, -3.62, 242.1),(1888, -21.7, 226.33),(1889, -33.22, 235.21)]
USC00177827	[(1887, 10.39, 108.95),(1888, -180.4, -53.6)]
USC00198374	[(1885, 71.65, 176.8),(1886, 38.07, 157.39),(1887, 40.71, 153.85),(1888, 19.58, 126.57),(1889, 56.97, 157.1)]
USC00275072	[(1885, 62.71, 179.58),(1886, 37.77, 157.8),(1887, 19.23, 123.19),(1888, 15.94, 123.13),(1889, 28.7, 132.55)]
USC00276944	[(1887, -44.05, 60.76),(1888, -13.53, 112.33)]
USC00316103	[(1882, 124.78, 0.0)]
USC00318500	[(1887, 21.62, 130.59)]
USC00354506	[(1887, 35.75, 187.32),(1888, -9.5, 110.32),(1889, 20.49, 159.85)]
USC00413270	[(1880, 71.59, 215.96)]
USC00464045	[(1883, 88.4, 200.74),(1884, 50.08, 166.95),(1885, 40.27, 148.18),(1886, 49.15, 158.4),(1887, 59.91, 167.17),(1888, 59.78, 148.31),(1889, -20.9, 65.06)]
USW00014936	[(1881, 45.29, 161.4),(1882, 5.95, 133.32),(1883, -10.9, 114.94),(1884, -10.09, 119.86),(1885, -1.65, 122.11),(1886, -6.98, 130.45),(1887, -13.16, 121.62),(1888, -14.17, 120.05),(1889, 0.4, 138.47)]
USW00024128	[(1880, 2.92, 172.29),(1881, 17.4, 173.41),(1882, 4.42, 159.96),(1883, -29.64, 123.53),(1884, -51.48, 66.32),(1885, 33.36, 180.79),(1886, 17.13, 177.42),(1887, 7.31, 178.73),(1888, 19.91, 178.4),(1889, 20.67, 179.09)]
UZM00038618	[(1881, -9.8, 0.0),(1882, 55.02, 0.0),(1883, 68.42, 0.0),(1884, 65.82, 0.0),(1888, 83.09, 0.0),(1889, 64.32, 0.0)]
