AGE00147719	[(1888, 93.07, 265.2),(1889, 87.18, 260.07)]
ASN00044022	[(1889, 116.39, 257.29)]
ASN00065016	[(1880, 112.33, 264.84),(1881, 103.79, 247.47),(1882, 110.53, 252.31),(1883, 98.3, 238.75),(1884, 84.04, 241.95),(1885, 95.6, 259.09),(1886, 94.63, 237.77),(1887, 89.52, 336.9),(1888, 90.11, 270.71),(1889, 130.54, 239.3)]
ASN00094029	[(1882, 69.81, 148.36),(1883, 88.48, 170.15),(1884, 76.45, 165.17),(1885, 75.4, 163.38),(1886, 73.71, 164.13),(1887, 77.21, 170.52),(1888, 71.77, 167.4),(1889, 79.88, 169.34)]
CA001114620	[(1881, 38.69, 138.12),(1882, 35.85, 134.59),(1883, 37.71, 145.69)]
CA003031093	[(1881, -121.72, 17.03),(1882, -103.86, 38.5),(1884, -30.79, 104.22),(1885, -32.35, 121.79),(1886, -39.84, 106.62),(1887, -54.27, 81.44),(1888, -37.98, 91.43),(1889, -27.47, 123.4)]
CA003032680	[(1885, 40.86, 173.06),(1886, -73.33, 65.51)]
CA004016560	[(1883, -239.84, -107.35),(1884, -82.14, 52.28),(1885, -59.06, 75.1),(1886, -61.73, 77.21),(1887, -74.69, 61.37),(1888, -308.74, -203.68)]
CA004028035	[(1885, -108.42, 1.84),(1886, -36.56, 106.81),(1887, -54.09, 81.32),(1888, -45.98, 90.02),(1889, -31.07, 123.9)]
CA006104185	[(1880, 24.31, 126.31),(1881, 24.42, 127.7),(1882, 24.51, 121.17),(1883, 4.19, 101.59),(1884, 16.5, 106.96),(1885, 3.66, 92.91),(1886, 16.62, 106.18),(1887, 18.48, 108.46),(1888, 12.97, 101.72),(1889, 33.35, 113.05)]
CA006105976	[(1889, -59.52, 13.95)]
CA006111766	[(1885, 9.77, 92.17),(1886, 7.12, 113.08),(1887, 2.65, 115.53),(1888, -18.26, 103.49),(1889, -1.56, 115.97)]
CA006111793	[(1881, 103.91, 205.11)]
CA006116254	[(1880, -5.87, 105.12),(1881, -1.88, 111.78),(1882, -2.74, 104.01),(1883, -28.39, 88.1),(1884, -14.84, 101.39),(1885, -31.22, 86.71),(1886, -13.9, 99.73),(1887, -18.71, 101.59),(1888, -22.93, 89.86),(1889, 4.03, 107.98)]
CA006129850	[(1881, 73.15, 184.27),(1882, 23.89, 127.79),(1883, -3.09, 111.88),(1884, 12.14, 120.79),(1885, -0.53, 106.46),(1886, 14.01, 119.7),(1887, 15.54, 124.64),(1888, 7.64, 112.41),(1889, 26.34, 127.62)]
CA006142993	[(1880, 25.81, 128.35),(1881, 23.57, 132.28),(1882, 20.4, 125.37),(1883, 0.07, 110.15),(1884, 11.93, 120.99),(1885, -1.03, 105.45),(1886, 13.12, 121.44)]
CA006148120	[(1881, -29.63, 44.33),(1882, 13.1, 118.98),(1883, -5.39, 110.51),(1884, -1.61, 112.75),(1885, -128.92, -10.52)]
CA006158065	[(1889, 36.27, 127.54)]
CA008100500	[(1880, -17.0, 87.62),(1881, -56.85, 44.02),(1882, -21.21, 98.73),(1883, -48.42, 75.35),(1884, -27.67, 93.62),(1885, -22.2, 100.8),(1886, -23.39, 104.15),(1887, -35.77, 95.37),(1888, -24.8, 101.85),(1889, -2.25, 127.47)]
CA008204480	[(1885, 4.58, 141.57),(1886, 0.88, 91.78),(1887, -45.72, 11.25),(1888, -33.32, 25.23)]
CA008205698	[(1880, -2.46, 99.13),(1881, 7.67, 96.84),(1882, 3.43, 93.45),(1883, -3.3, 96.91),(1884, 1.58, 96.35),(1885, 3.32, 102.24),(1886, 17.35, 110.81),(1887, 8.23, 103.05),(1888, 6.73, 97.48),(1889, 24.82, 122.62)]
DA000021100	[(1880, 49.89, 106.39),(1881, 33.32, 84.86),(1882, 57.33, 106.42),(1883, 49.78, 100.42),(1884, 57.87, 107.77),(1885, 45.1, 93.99),(1886, 42.88, 97.41),(1887, 44.98, 97.13),(1888, 38.98, 87.05),(1889, 55.27, 104.16)]
HRE00105189	[(1880, 131.36, 192.93),(1881, 127.57, 188.8),(1882, 134.27, 200.07),(1883, 128.38, 193.79),(1884, 126.95, 194.35),(1885, 136.08, 200.44),(1886, 135.99, 200.75),(1887, 130.71, 199.05),(1888, 126.95, 0.0),(1889, 108.75, 0.0)]
ITE00100550	[(1880, 97.46, 177.78),(1881, 110.18, 160.73),(1882, 102.42, 176.48),(1883, 100.74, 163.33),(1884, 102.62, 166.48),(1885, 102.3, 167.05),(1886, 95.1, 173.82),(1887, 97.1, 167.04),(1888, 92.34, 170.06),(1889, 96.7, 167.59)]
RSM00022550	[(1881, -17.97, 42.73),(1882, -10.11, 41.91),(1883, -7.62, 45.12),(1884, -31.77, 23.11),(1885, -32.81, 30.39),(1886, -11.72, 39.84),(1887, -17.07, 40.81),(1888, -40.11, 17.96),(1889, -8.02, 44.47)]
RSM00023711	[(1888, -66.15, 0.0),(1889, -36.2, 0.0)]
RSM00030710	[(1887, -78.51, 65.66),(1888, -86.74, 55.72),(1889, -91.28, 47.19)]
UPM00033889	[(1887, 58.78, 186.92),(1888, 46.72, 192.6),(1889, 40.19, 143.71)]
UPM00033976	[(1882, 101.21, 150.6),(1883, 48.14, 90.39),(1885, 101.18, 148.56)]
USC00012386	[(1889, 95.36, 0.0)]
USC00034988	[(1883, 145.61, 247.77),(1884, 91.96, 208.99),(1885, 87.45, 206.48),(1886, -33.85, 64.83)]
USC00046115	[(1888, 175.22, 320.64),(1889, 145.0, 274.79)]
USC00047738	[(1880, 109.67, 188.77),(1881, 117.14, 200.0),(1882, 115.23, 197.01),(1883, 124.55, 205.0),(1884, 120.98, 200.83),(1885, 129.38, 210.37),(1886, 125.17, 198.15),(1887, 123.28, 195.46),(1888, 131.83, 199.18),(1889, 127.41, 212.01)]
USC00174230	[(1885, -25.35, 57.25),(1886, 6.11, 112.81),(1887, -24.79, 75.12),(1888, -6.51, 74.65),(1889, 31.1, 116.67)]
USC00190595	[(1885, 79.84, 165.41),(1886, -1.54, 81.67),(1887, -99.72, -14.12),(1888, 8.35, 94.11),(1889, 14.82, 83.89)]
USC00193625	[(1885, -3.55, 0.0),(1886, 26.23, 0.0),(1887, 27.64, 0.0),(1888, 20.25, 383.0),(1889, 41.89, 0.0)]
USC00194360	[(1885, 15.12, 90.23),(1886, 46.16, 126.51),(1887, 43.74, 123.67),(1888, 36.48, 115.17),(1889, 58.64, 131.53)]
USC00194795	[(1885, 74.33, 178.59),(1886, 32.88, 138.88),(1887, 36.9, 136.33),(1888, 25.16, 125.95),(1889, 45.49, 142.58)]
USC00201215	[(1889, 126.97, 214.21)]
USC00202466	[(1889, 149.11, 272.21)]
USC00252065	[(1889, 181.82, 292.37)]
USC00261395	[(1889, 86.74, 205.38)]
USC00268349	[(1888, -20.28, 127.92),(1889, -2.95, 151.49)]
USC00271682	[(1880, 31.08, 156.53),(1881, 32.78, 149.53),(1882, 21.53, 145.91),(1883, 10.26, 137.95),(1884, 26.67, 132.85),(1885, 15.04, 126.72),(1886, 24.91, 134.85),(1887, 25.73, 129.67),(1888, 17.67, 120.96),(1889, 35.21, 141.29)]
USC00288878	[(1880, 101.08, 175.03),(1881, -44.61, 28.64),(1887, 130.93, 196.07),(1888, 90.26, 158.4),(1889, 99.35, 171.54)]
USC00338366	[(1880, 69.27, 153.39),(1881, 70.3, 151.23),(1882, 66.42, 147.68),(1883, 47.66, 137.59),(1884, 55.69, 144.35),(1885, 40.25, 128.57),(1886, 40.89, 138.72),(1887, 46.0, 142.79),(1888, 39.46, 134.35),(1889, 53.44, 145.91)]
USC00464897	[(1889, 108.37, 184.95)]
USW00013736	[(1880, 77.72, 171.69),(1881, 79.78, 174.22),(1882, 75.7, 166.1),(1883, -21.19, 77.52)]
USW00093725	[(1880, 82.82, 184.05),(1881, 75.76, 173.64),(1882, 82.2, 177.31),(1883, 74.32, 175.42),(1884, 81.1, 182.1),(1885, 55.46, 168.29),(1886, 71.98, 137.48),(1887, 79.3, 176.41),(1888, 73.05, 169.28),(1889, 83.18, 175.21)]
