AGE00147712	[(1886, 0.0, 170.0),(1887, 79.38, 230.41),(1888, 106.99, 249.09),(1889, 91.07, 215.95)]
ASN00026026	[(1884, 94.88, 187.11),(1885, 93.17, 182.45),(1886, 91.88, 187.36),(1887, 94.06, 187.19),(1888, 91.43, 189.24),(1889, 94.79, 191.26)]
ASN00033046	[(1889, 224.17, 291.16)]
ASN00056017	[(1880, 75.89, 225.63),(1881, 67.28, 220.69),(1882, 60.14, 221.11),(1883, 52.16, 232.49),(1884, 72.87, 241.19),(1885, 116.52, 243.46),(1886, 100.76, 230.66),(1887, 99.04, 208.99),(1888, 89.44, 220.4),(1889, 113.9, 215.06)]
ASN00074128	[(1880, 85.58, 233.41),(1881, 77.7, 235.75),(1882, 85.4, 247.85),(1883, 83.87, 242.86),(1884, 75.37, 252.74),(1885, 76.87, 260.52),(1886, 69.25, 269.47),(1887, 77.69, 270.94),(1888, 67.96, 272.85),(1889, 84.6, 266.79)]
CA003012195	[(1880, -39.48, 76.28),(1881, -70.71, 44.44),(1882, -53.18, 75.06),(1883, -64.55, 71.59),(1884, -60.02, 78.66),(1885, -42.41, 96.17),(1886, -53.56, 83.17),(1887, -76.26, 65.29),(1888, -47.06, 77.54),(1889, -15.11, 116.61)]
CA003033879	[(1886, 35.88, 168.83),(1887, -208.73, -99.9)]
CA003050520	[(1887, -193.41, -74.18),(1888, -134.19, -7.03),(1889, -86.04, 59.79)]
CA003072657	[(1883, -181.83, -109.93),(1884, -82.11, 23.19),(1885, -71.29, 22.45),(1886, -89.4, -4.0),(1887, -188.12, -106.06),(1888, -49.58, 34.59),(1889, -67.59, 24.62)]
CA004013400	[(1880, -278.12, -142.58)]
CA006105887	[(1880, 6.11, 120.81),(1881, -50.06, 55.7),(1882, -34.6, 40.67),(1883, -17.37, 89.14),(1884, -15.86, 104.38),(1885, -21.91, 85.46),(1886, -8.91, 92.42),(1887, -11.54, 100.45),(1888, -8.38, 95.48),(1889, 6.48, 112.08)]
CA006107003	[(1885, 1.8, 129.34),(1886, -21.5, 107.96),(1887, -24.71, 110.72),(1888, -14.48, 117.25),(1889, -7.92, 121.88)]
CA006110549	[(1880, 8.18, 116.8),(1881, 8.81, 124.86),(1882, 10.04, 118.41),(1883, -8.86, 98.75),(1884, 2.58, 109.11),(1885, -10.38, 93.73),(1886, -0.33, 113.84),(1887, 2.09, 114.88)]
CA006113660	[(1880, -42.07, 86.33),(1881, -36.82, 115.25),(1882, -32.38, 122.36),(1883, -29.22, 97.05),(1884, -8.48, 108.82),(1885, -90.38, 29.22)]
CA006136694	[(1880, 34.07, 140.15),(1881, 32.95, 141.93),(1882, 33.58, 127.39),(1883, 9.93, 126.08),(1884, 19.98, 126.33),(1885, 6.26, 112.89),(1886, 21.58, 125.08),(1887, 23.69, 124.88),(1888, 16.4, 110.18),(1889, 33.08, 125.5)]
CA006139520	[(1880, 39.33, 149.64),(1881, 36.17, 149.65),(1882, 37.26, 144.01),(1883, 19.51, 133.56),(1884, 25.92, 143.09),(1885, 13.22, 128.65),(1886, 25.16, 144.89),(1887, 24.42, 146.25)]
CA006143780	[(1880, -35.16, 59.22),(1881, 27.4, 128.03),(1887, -51.78, 35.28),(1888, 7.52, 121.52)]
CA007050200	[(1880, 20.01, 96.9),(1881, -13.39, 49.33),(1882, -16.63, 44.4),(1883, -23.93, 34.88),(1884, -27.45, 30.52),(1885, -16.07, 37.98),(1886, -5.72, 49.61),(1887, -14.31, 40.02),(1888, -7.08, 47.6),(1889, -0.48, 53.55)]
CA008103100	[(1881, 50.29, 112.37),(1882, -90.08, -22.36)]
CA008104600	[(1880, 24.81, 104.05),(1881, 17.89, 102.14),(1882, 6.01, 98.36),(1883, -2.99, 94.48),(1884, 3.98, 97.94),(1885, -0.04, 97.22),(1886, 4.67, 105.61),(1887, 0.94, 100.21),(1888, -0.11, 92.62),(1889, 18.56, 113.88)]
CA008200300	[(1880, -15.71, 96.01),(1881, -3.7, 103.06),(1882, 22.97, 103.62),(1883, -26.4, 83.83),(1884, -2.55, 106.42),(1885, -111.72, 3.01)]
CA008401600	[(1880, 30.03, 63.47)]
DA000025140	[(1880, 55.58, 113.04),(1881, 36.9, 91.92),(1882, 59.21, 109.73),(1883, 52.05, 105.84),(1884, 56.49, 113.79),(1885, 46.07, 100.41),(1886, 46.03, 100.42),(1887, 42.6, 99.67),(1888, 41.0, 91.39),(1889, 52.48, 107.85)]
GLE00100981	[(1880, -36.09, 0.0),(1881, -74.67, 0.0),(1882, -104.92, 0.0),(1883, -85.47, 0.0),(1884, -126.19, 0.0),(1885, -83.56, 0.0),(1886, -104.61, 0.0),(1887, -111.72, 0.0),(1888, -93.75, 0.0),(1889, -89.23, 0.0)]
GM000003319	[(1880, 61.98, 140.35),(1881, 48.38, 125.21),(1882, 59.33, 137.98),(1883, 41.33, 129.48),(1884, 46.69, 137.3),(1885, 41.46, 126.41),(1886, 39.0, 131.14),(1887, 49.66, 121.66),(1888, 45.48, 115.98),(1889, 55.94, 124.82)]
RSM00029263	[(1884, -60.83, 0.0),(1885, -75.19, 0.0),(1886, -66.7, 0.0),(1887, -73.16, 163.77),(1888, -77.44, 0.0),(1889, -78.34, 0.0)]
RSM00031369	[(1881, -260.82, 0.0),(1883, -14.77, 0.0),(1884, -83.47, 0.0),(1885, -79.16, 0.0),(1886, -61.01, 0.0),(1887, -64.48, 0.0),(1888, -60.91, 0.0),(1889, -59.17, 0.0)]
TSE00147769	[(1886, 140.38, 233.26),(1887, 116.96, 231.71),(1888, 117.4, 231.7),(1889, 116.23, 229.27)]
TSE00147775	[(1886, 168.51, 254.18),(1887, 155.99, 229.4),(1888, 157.73, 219.52),(1889, 145.6, 236.16)]
TX000038763	[(1883, 211.25, 0.0),(1885, 56.59, 199.0),(1889, 61.99, 0.0)]
USC00090430	[(1884, 129.4, 250.79),(1885, 86.02, 201.75),(1886, 92.55, 203.45),(1887, 97.57, 198.58),(1888, 106.57, 222.84),(1889, 113.68, 214.6)]
USC00117391	[(1880, 151.64, 281.93),(1888, -43.58, 53.45),(1889, 44.65, 158.46)]
USC00192010	[(1885, 3.27, 0.0),(1886, -15.75, 4.39),(1887, 4.16, 112.53),(1888, 18.75, 128.96),(1889, 39.01, 144.87)]
USC00195145	[(1888, 134.8, 222.88),(1889, 97.41, 165.44)]
USC00197122	[(1889, 180.56, 244.49)]
USC00215638	[(1886, -9.59, 103.41),(1887, -17.58, 95.31),(1888, -13.5, 86.67),(1889, 3.34, 115.53)]
USC00263515	[(1887, -33.08, 60.18),(1888, -2.43, 127.79),(1889, 105.2, 261.69)]
USC00271678	[(1884, -46.57, 52.36),(1885, 15.28, 124.93),(1886, 24.94, 132.8),(1887, 25.81, 128.4),(1888, 17.47, 119.48),(1889, 35.24, 139.39)]
USC00278440	[(1886, 30.94, 178.15),(1887, -8.06, 133.7),(1888, -10.84, 121.75),(1889, 0.0, 322.0)]
USC00278854	[(1885, 42.84, 160.11),(1886, 0.95, 113.88),(1887, 5.89, 111.17),(1888, -15.4, 105.19),(1889, 14.93, 112.62)]
USC00278875	[(1885, 44.9, 150.23),(1886, -106.03, -32.14)]
USC00300958	[(1886, 30.18, 119.27),(1887, 74.08, 158.05),(1888, 26.11, 81.34),(1889, 45.99, 116.75)]
USC00307633	[(1885, 82.13, 154.87),(1886, 63.06, 142.02),(1887, 65.54, 144.25),(1888, 57.48, 136.0),(1889, 21.28, 97.99)]
USC00313228	[(1882, 0.0, -27.0)]
USC00406012	[(1883, 20.5, 138.45)]
USC00413257	[(1880, 118.81, 234.55),(1881, 115.32, 221.04),(1882, 113.96, 243.39),(1883, -8.27, 137.94)]
USW00012945	[(1883, 196.24, 325.92),(1884, 192.86, 313.48),(1885, 198.59, 301.09),(1886, 197.01, 306.4),(1887, 192.65, 317.2),(1888, 193.45, 297.38)]
USW00014898	[(1886, -9.05, 82.71),(1887, 9.85, 110.42),(1888, 4.96, 98.58),(1889, 22.06, 113.27)]
USW00023271	[(1880, 86.46, 203.79),(1881, 99.56, 214.45),(1882, 93.37, 212.28),(1883, 93.08, 219.47),(1884, 98.73, 211.71),(1885, 110.65, 229.68),(1886, 94.27, 217.83),(1887, 87.87, 228.09),(1888, 97.72, 230.54),(1889, 96.44, 225.21)]
USW00053919	[(1883, 151.36, 293.58),(1884, 153.56, 293.21),(1885, 172.93, 301.9),(1886, 174.65, 306.13),(1887, 118.45, 316.38),(1888, 116.69, 242.25),(1889, 103.9, 257.06)]
USW00093852	[(1880, 174.23, 259.01),(1881, 173.59, 257.9),(1882, 174.91, 258.61),(1883, 175.69, 260.79),(1884, 167.95, 255.37),(1885, 159.42, 247.28),(1886, 155.87, 245.44),(1887, 155.53, 252.73),(1888, 159.48, 257.34),(1889, 151.29, 253.62)]
UZM00038457	[(1881, 116.0, 240.64),(1882, 104.96, 198.77),(1883, 105.08, 216.35),(1884, 139.34, 168.28),(1889, -127.61, 0.0)]
